0.498208 0.888889 0.88172 0.616487 0.340502 0.046595 0.426523 0.0681004 0.501792 0.09319 0.0860215 0.139785 0.215054 0.0501792 
0.888889 0.09319 0.824373 0.562724 0.315412 0.0358423 0.369176 0.0681004 0.494624 0.0896057 0.0860215 0.139785 0.215054 0.0501792 
0.88172 0.824373 0.107527 0.573477 0.308244 0.0430108 0.37276 0.0573477 0.46595 0.0824373 0.0681004 0.121864 0.215054 0.0394265 
0.616487 0.562724 0.573477 0.37276 0.261649 0.0430108 0.243728 0.0322581 0.34767 0.0752688 0.0609319 0.103943 0.175627 0.046595 
0.340502 0.315412 0.308244 0.261649 0.0286738 0.0107527 0.164875 0.0215054 0.204301 0.0286738 0.0143369 0.0573477 0.0896057 0.0250896 
0.046595 0.0358423 0.0430108 0.0430108 0.0107527 0 0.0215054 0.00358423 0.0250896 0.00716846 0.0143369 0.00716846 0.00716846 0.00716846 
0.426523 0.369176 0.37276 0.243728 0.164875 0.0215054 0.00716846 0.0501792 0.222222 0.0681004 0.0537634 0.0537634 0.0645161 0.0215054 
0.0681004 0.0681004 0.0573477 0.0322581 0.0215054 0.00358423 0.0501792 0 0.0322581 0.0107527 0.00716846 0.00358423 0.0179211 0 
0.501792 0.494624 0.46595 0.34767 0.204301 0.0250896 0.222222 0.0322581 0.0609319 0.0286738 0.0537634 0.0716846 0.09319 0.0179211 
0.09319 0.0896057 0.0824373 0.0752688 0.0286738 0.00716846 0.0681004 0.0107527 0.0286738 0.0107527 0.0179211 0.0250896 0.0286738 0.0179211 
0.0860215 0.0860215 0.0681004 0.0609319 0.0143369 0.0143369 0.0537634 0.00716846 0.0537634 0.0179211 0 0.0215054 0.00716846 0.0143369 
0.139785 0.139785 0.121864 0.103943 0.0573477 0.00716846 0.0537634 0.00358423 0.0716846 0.0250896 0.0215054 0 0.0394265 0.046595 
0.215054 0.215054 0.215054 0.175627 0.0896057 0.00716846 0.0645161 0.0179211 0.09319 0.0286738 0.00716846 0.0394265 0.0286738 0.0143369 
0.0501792 0.0501792 0.0394265 0.046595 0.0250896 0.00716846 0.0215054 0 0.0179211 0.0179211 0.0143369 0.046595 0.0143369 0 
