0.341463 1 0.878049 0.365854 0.512195 0.121951 0.658537 
1 0 0.878049 0.365854 0.512195 0.121951 0.658537 
0.878049 0.878049 0 0.365854 0.390244 0.121951 0.585366 
0.365854 0.365854 0.365854 0 0.268293 0.0243902 0.243902 
0.512195 0.512195 0.390244 0.268293 0.121951 0 0.292683 
0.121951 0.121951 0.121951 0.0243902 0 0 0.121951 
0.658537 0.658537 0.585366 0.243902 0.292683 0.121951 0.268293 
